# Exported from Wings 3D 2.3
mtllib banner.mtl
o COMMON1
#4 vertices, 2 faces
v 9.06589000 9.14577500 9.01044700
v -9.18480000 9.14577500 9.01044700
v -9.18480000 5.55273800 9.01044200
v 9.06589000 5.55273800 9.01044200
vt 1.0800000e-3 1.7020000e-3
vt 1.0800000e-3 0.99551500
vt 0.99996600 0.99551500
vt 1.00386000 1.7020000e-3
vn 0.0000000e+0 -1.3915804e-6 1.00000000
vn 0.0000000e+0 -1.3915804e-6 1.00000000
vn 0.0000000e+0 -1.3915804e-6 1.00000000
vn 0.0000000e+0 -1.3915804e-6 1.00000000
vn 0.0000000e+0 -1.3915804e-6 1.00000000
vn 0.0000000e+0 -1.3915804e-6 1.00000000
g COMMON1
usemtl COMMON1
s 1
f 1/3/1 3/1/4 4/4/6
f 2/2/3 3/1/5 1/3/2
o COMMON
#8 vertices, 12 faces
v 1.0000000e-6 0.97779100 8.90313500
v -6.36396000 -2.28825200 -1.62458600
v 0.0000000e+0 -6.16238700 3.42428100
v -6.36395900 4.85192800 3.85426800
v 2.0000000e-6 8.72606100 -1.19460200
v 6.36396300 4.85192400 3.85426800
v 6.36396100 -2.28825400 -1.62458700
v 1.0000000e-6 1.58588200 -6.67345600
vt 0.0000000e+0 0.43733200
vt 0.0000000e+0 0.71866700
vt 0.0000000e+0 1.00000000
vt 0.28133300 0.43733200
vt 0.28133300 0.71866700
vt 0.28133300 1.00000000
vt 0.56266700 0.71866800
vt 0.56266700 1.00000100
vt 0.56266800 0.71866700
vt 0.56266800 1.00000000
vt 0.84400100 0.71866700
vt 0.84400100 0.71866800
vt 0.84400100 1.00000000
vt 0.84400100 1.00000100
vn -0.70710678 -0.43045937 0.56098550
vn -0.70710678 -0.43045937 0.56098550
vn 2.4932687e-7 0.79335319 0.60876162
vn 2.4932687e-7 0.79335319 0.60876162
vn 0.70710662 -0.43045968 0.56098546
vn 0.70710662 -0.43045968 0.56098546
vn -0.70710678 -0.43045937 0.56098550
vn -0.70710678 -0.43045937 0.56098550
vn -1.7249227e-7 -0.79335323 -0.60876157
vn -1.7249227e-7 -0.79335323 -0.60876157
vn -0.70710678 0.43045948 -0.56098542
vn -0.70710678 0.43045948 -0.56098542
vn -0.70710675 -0.43045943 0.56098550
vn -1.7249227e-7 -0.79335321 -0.60876160
vn 0.70710667 -0.43045960 0.56098546
vn -0.70710682 -0.43045931 0.56098550
vn 3.9281338e-7 0.79335319 0.60876162
vn -0.70710676 0.43045947 -0.56098545
vn 0.70710688 0.43045932 -0.56098541
vn 0.70710688 0.43045932 -0.56098541
vn 2.4932687e-7 0.79335319 0.60876162
vn 2.4932687e-7 0.79335319 0.60876162
vn -0.70710678 0.43045948 -0.56098542
vn -0.70710678 0.43045948 -0.56098542
vn 0.70710690 0.43045932 -0.56098539
vn 1.0584036e-7 0.79335319 0.60876162
vn 0.70710657 -0.43045977 0.56098546
vn 0.70710688 0.43045932 -0.56098541
vn 0.70710688 0.43045932 -0.56098541
vn -1.7249227e-7 -0.79335323 -0.60876157
vn -1.7249227e-7 -0.79335323 -0.60876157
vn 0.70710662 -0.43045968 0.56098546
vn 0.70710662 -0.43045968 0.56098546
vn 0.70710687 0.43045931 -0.56098543
vn -1.7249227e-7 -0.79335325 -0.60876155
vn -0.70710679 0.43045949 -0.56098539
g COMMON
usemtl COMMON
s 1
f 5/17/8 8/14/22 6/13/14
f 6/13/13 7/15/19 5/17/7
f 10/7/31 11/6/34 9/10/25
f 11/6/35 12/9/40 9/10/26
s 2
f 5/7/12 11/9/39 10/10/33
f 7/6/21 11/9/38 5/7/11
f 8/18/24 9/12/29 6/16/17
f 9/12/30 12/11/42 6/16/18
s 3
f 5/10/9 9/13/27 8/14/23
f 5/10/10 10/9/32 9/13/28
f 6/8/15 11/6/36 7/5/20
f 6/8/16 12/9/41 11/6/37
